Adaptive results for real environments with closest match
Hyde Park
TrailType: Simple Useful
closestMatch: Zig-Zag Simple Useful: 0.0, 1.0, 0.0, 47.0, 53.0, 0.0,  : 85.0, 0.0, 1.0, 2.0
Adaptive Step Time: 3513
generating prm
Score: 34751 , 12 , 1.7976931348623157E308,-1.0
Score: 26013 , 2 , 1.7976931348623157E308,-1.0
Score: 35507 , 1001 , 521.8105570387048,37029.810557038705
Score: 36446 , 0 , 1.7976931348623157E308,-1.0
Score: 34211 , 0 , 1.7976931348623157E308,-1.0
Score: 32783 , 0 , 1.7976931348623157E308,-1.0
Score: 31326 , 1098 , 499.33869717114334,32923.338697171144
Score: 32960 , 1 , 1.7976931348623157E308,-1.0
Score: 33678 , 950 , 1.7976931348623157E308,-1.0
Score: 26923 , 946 , 525.9863580294555,28394.986358029455
Score: 30535 , 0 , 1.7976931348623157E308,-1.0
Score: 33244 , 1050 , 542.5002951046605,34836.50029510466
Score: 32733 , 1014 , 503.5431230587695,34250.54312305877
Score: 29104 , 1 , 1.7976931348623157E308,-1.0
Score: 30964 , 880 , 1.7976931348623157E308,-1.0
Score: 36216 , 882 , 1.7976931348623157E308,-1.0
Score: 33861 , 1018 , 1.7976931348623157E308,-1.0
Score: 27266 , 1 , 1.7976931348623157E308,-1.0
Score: 33530 , 2 , 1.7976931348623157E308,-1.0
Score: 36891 , 997 , 493.4606627726294,38381.46066277263
Score: 32629 , 992 , 499.84922055466257,34120.849220554664
Score: 35069 , 0 , 1.7976931348623157E308,-1.0
Score: 35175 , 0 , 1.7976931348623157E308,-1.0
Score: 31172 , 0 , 1.7976931348623157E308,-1.0
Score: 30208 , 13 , 1.7976931348623157E308,-1.0
Score: 29902 , 0 , 1.7976931348623157E308,-1.0
Score: 35614 , 981 , 527.6774147371441,37122.67741473715
Score: 31256 , 1 , 1.7976931348623157E308,-1.0
Score: 34644 , 0 , 1.7976931348623157E308,-1.0
Score: 29682 , 992 , 530.9899103559919,31204.98991035599
0.0, 1.0, 0.0, 47.0, 53.0, 0.0, 34251.68402653591
TrailType: Simple Useless
closestMatch: Zig-Zag Simple Useful: 0.0, 1.0, 0.0, 47.0, 53.0, 0.0,  : 85.0, 0.0, 1.0, 2.0
Adaptive Step Time: 718
generating prm
Score: 32685 , 0 , 1.7976931348623157E308,-1.0
Score: 25880 , 1 , 1.7976931348623157E308,-1.0
Score: 35969 , 973 , 519.6581531378775,37461.658153137876
Score: 35065 , 0 , 1.7976931348623157E308,-1.0
Score: 33527 , 0 , 1.7976931348623157E308,-1.0
Score: 30550 , 0 , 1.7976931348623157E308,-1.0
Score: 31323 , 946 , 501.7265162810285,32770.72651628103
Score: 31692 , 0 , 1.7976931348623157E308,-1.0
Score: 31972 , 1014 , 1.7976931348623157E308,-1.0
Score: 27056 , 948 , 525.1557171866027,28529.155717186604
Score: 32052 , 0 , 1.7976931348623157E308,-1.0
Score: 33460 , 1035 , 541.5806581316115,35036.580658131614
Score: 33146 , 945 , 505.85095064249106,34596.85095064249
Score: 30106 , 1 , 1.7976931348623157E308,-1.0
Score: 31390 , 895 , 1.7976931348623157E308,-1.0
Score: 37518 , 931 , 1.7976931348623157E308,-1.0
Score: 34556 , 913 , 1.7976931348623157E308,-1.0
Score: 28527 , 0 , 1.7976931348623157E308,-1.0
Score: 32870 , 2 , 1.7976931348623157E308,-1.0
Score: 35456 , 901 , 496.63945023645454,36853.63945023646
Score: 31366 , 982 , 491.80291509105575,32839.80291509106
Score: 34524 , 0 , 1.7976931348623157E308,-1.0
Score: 33750 , 0 , 1.7976931348623157E308,-1.0
Score: 30903 , 0 , 1.7976931348623157E308,-1.0
Score: 29165 , 26 , 1.7976931348623157E308,-1.0
Score: 29696 , 0 , 1.7976931348623157E308,-1.0
Score: 35709 , 1018 , 527.9344597676092,37254.93445976761
Score: 30433 , 0 , 1.7976931348623157E308,-1.0
Score: 34931 , 1 , 1.7976931348623157E308,-1.0
Score: 29927 , 1007 , 533.8032148049983,31467.803214804997
0.0, 1.0, 0.0, 47.0, 53.0, 0.0, 34090.12800391996
TrailType: Random Useful
closestMatch: Zig-Zag Simple Useful: 0.0, 1.0, 0.0, 47.0, 53.0, 0.0,  : 85.0, 0.0, 1.0, 2.0
Adaptive Step Time: 1002
generating prm
Score: 32518 , 0 , 1.7976931348623157E308,-1.0
Score: 26506 , 0 , 1.7976931348623157E308,-1.0
Score: 36388 , 932 , 519.3746738315756,37839.374673831575
Score: 34145 , 0 , 1.7976931348623157E308,-1.0
Score: 33922 , 0 , 1.7976931348623157E308,-1.0
Score: 30698 , 0 , 1.7976931348623157E308,-1.0
Score: 31932 , 934 , 500.14865813925763,33366.14865813926
Score: 31333 , 0 , 1.7976931348623157E308,-1.0
Score: 32460 , 901 , 1.7976931348623157E308,-1.0
Score: 26136 , 959 , 522.4774839450024,27617.477483945004
Score: 31688 , 0 , 1.7976931348623157E308,-1.0
Score: 33013 , 1093 , 540.6696437276347,34646.66964372763
Score: 33612 , 959 , 503.1408344266891,35074.14083442669
Score: 29315 , 0 , 1.7976931348623157E308,-1.0
Score: 32027 , 919 , 1.7976931348623157E308,-1.0
Score: 37154 , 950 , 1.7976931348623157E308,-1.0
Score: 34720 , 1024 , 1.7976931348623157E308,-1.0
Score: 27846 , 0 , 1.7976931348623157E308,-1.0
Score: 32461 , 1 , 1.7976931348623157E308,-1.0
Score: 36058 , 1030 , 493.03325708203874,37581.03325708204
Score: 31771 , 950 , 494.7568833258709,33215.75688332587
Score: 34217 , 0 , 1.7976931348623157E308,-1.0
Score: 34101 , 0 , 1.7976931348623157E308,-1.0
Score: 30257 , 1 , 1.7976931348623157E308,-1.0
Score: 30196 , 26 , 1.7976931348623157E308,-1.0
Score: 28646 , 0 , 1.7976931348623157E308,-1.0
Score: 36593 , 999 , 526.0795056717586,38118.07950567176
Score: 30819 , 0 , 1.7976931348623157E308,-1.0
Score: 34885 , 1 , 1.7976931348623157E308,-1.0
Score: 30720 , 997 , 531.484055859628,32248.48405585963
0.0, 1.0, 0.0, 47.0, 53.0, 0.0, 34411.90722177883
Kensington
TrailType: Simple Useful
closestMatch: Dense-Clutter Simple Useful: 1.0, 0.0, 0.0, 54.0, 45.0, 0.0,  : 60.0, 17.0, 10.0, 1.7343750000000002
Adaptive Step Time: 4195
generating prm
Score: 37182 , 0 , 1.7976931348623157E308,-1.0
Score: 38122 , 0 , 1.7976931348623157E308,-1.0
Score: 42116 , 0 , 1.7976931348623157E308,-1.0
Score: 40884 , 0 , 1.7976931348623157E308,-1.0
Score: 45606 , 0 , 1.7976931348623157E308,-1.0
Score: 39406 , 0 , 1.7976931348623157E308,-1.0
Score: 39427 , 0 , 1.7976931348623157E308,-1.0
Score: 35829 , 0 , 1.7976931348623157E308,-1.0
Score: 44124 , 0 , 1.7976931348623157E308,-1.0
Score: 44608 , 0 , 1.7976931348623157E308,-1.0
Score: 47043 , 0 , 1.7976931348623157E308,-1.0
Score: 39236 , 0 , 1.7976931348623157E308,-1.0
Score: 43749 , 0 , 1.7976931348623157E308,-1.0
Score: 47940 , 0 , 1.7976931348623157E308,-1.0
Score: 40856 , 0 , 1.7976931348623157E308,-1.0
Score: 39250 , 0 , 1.7976931348623157E308,-1.0
Score: 37577 , 0 , 1.7976931348623157E308,-1.0
Score: 45227 , 0 , 1.7976931348623157E308,-1.0
Score: 34806 , 0 , 1.7976931348623157E308,-1.0
Score: 36394 , 0 , 1.7976931348623157E308,-1.0
Score: 41257 , 0 , 1.7976931348623157E308,-1.0
Score: 26207 , 0 , 1.7976931348623157E308,-1.0
Score: 32978 , 0 , 1.7976931348623157E308,-1.0
Score: 34449 , 0 , 1.7976931348623157E308,-1.0
Score: 39927 , 0 , 1.7976931348623157E308,-1.0
Score: 39220 , 1 , 1.7976931348623157E308,-1.0
Score: 36482 , 0 , 1.7976931348623157E308,-1.0
Score: 39799 , 0 , 1.7976931348623157E308,-1.0
Score: 31208 , 1 , 1.7976931348623157E308,-1.0
Score: 42711 , 0 , 1.7976931348623157E308,-1.0
1.0, 0.0, 0.0, 54.0, 45.0, 0.0, NaN
TrailType: Simple Useless
closestMatch: H-Env Simple Useful: 0.0, 1.0, 0.0, 80.0, 5.0, 13.0,  : 63.0, 0.0, 1.0, 1.5
Adaptive Step Time: 4026
generating prm
Score: 74449 , 0 , 1.7976931348623157E308,-1.0
Score: 75168 , 0 , 1.7976931348623157E308,-1.0
Score: 86103 , 1 , 1.7976931348623157E308,-1.0
Score: 81411 , 0 , 1.7976931348623157E308,-1.0
Score: 94120 , 0 , 1.7976931348623157E308,-1.0
Score: 85262 , 0 , 1.7976931348623157E308,-1.0
Score: 84203 , 0 , 1.7976931348623157E308,-1.0
Score: 77959 , 0 , 1.7976931348623157E308,-1.0
Score: 89510 , 1 , 1.7976931348623157E308,-1.0
Score: 87678 , 0 , 1.7976931348623157E308,-1.0
Score: 90909 , 0 , 1.7976931348623157E308,-1.0
Score: 85802 , 0 , 1.7976931348623157E308,-1.0
Score: 85132 , 0 , 1.7976931348623157E308,-1.0
Score: 81684 , 0 , 1.7976931348623157E308,-1.0
Score: 83512 , 0 , 1.7976931348623157E308,-1.0
Score: 85800 , 0 , 1.7976931348623157E308,-1.0
Score: 86053 , 0 , 1.7976931348623157E308,-1.0
Score: 86788 , 0 , 1.7976931348623157E308,-1.0
Score: 77417 , 0 , 1.7976931348623157E308,-1.0
Score: 74166 , 6 , 1.7976931348623157E308,-1.0
Score: 85082 , 0 , 1.7976931348623157E308,-1.0
Score: 68912 , 0 , 1.7976931348623157E308,-1.0
Score: 72143 , 0 , 1.7976931348623157E308,-1.0
Score: 73536 , 1 , 1.7976931348623157E308,-1.0
Score: 80697 , 0 , 1.7976931348623157E308,-1.0
Score: 80016 , 0 , 1.7976931348623157E308,-1.0
Score: 75957 , 0 , 1.7976931348623157E308,-1.0
Score: 79306 , 0 , 1.7976931348623157E308,-1.0
Score: 70990 , 0 , 1.7976931348623157E308,-1.0
Score: 84022 , 0 , 1.7976931348623157E308,-1.0
0.0, 1.0, 0.0, 80.0, 5.0, 13.0, NaN
TrailType: Random Useful
closestMatch: H-Env Simple Useful: 0.0, 1.0, 0.0, 80.0, 5.0, 13.0,  : 63.0, 0.0, 1.0, 1.5
Adaptive Step Time: 4556
generating prm
Score: 78186 , 0 , 1.7976931348623157E308,-1.0
Score: 77194 , 1 , 1.7976931348623157E308,-1.0
Score: 92150 , 0 , 1.7976931348623157E308,-1.0
Score: 87438 , 0 , 1.7976931348623157E308,-1.0
Score: 87177 , 0 , 1.7976931348623157E308,-1.0
Score: 79113 , 0 , 1.7976931348623157E308,-1.0
Score: 84504 , 1 , 1.7976931348623157E308,-1.0
Score: 80158 , 0 , 1.7976931348623157E308,-1.0
Score: 87397 , 0 , 1.7976931348623157E308,-1.0
Score: 86767 , 0 , 1.7976931348623157E308,-1.0
Score: 93063 , 0 , 1.7976931348623157E308,-1.0
Score: 88393 , 1 , 1.7976931348623157E308,-1.0
Score: 82365 , 0 , 1.7976931348623157E308,-1.0
Score: 92081 , 0 , 1.7976931348623157E308,-1.0
Score: 86067 , 0 , 1.7976931348623157E308,-1.0
Score: 81456 , 0 , 1.7976931348623157E308,-1.0
Score: 82304 , 0 , 1.7976931348623157E308,-1.0
Score: 91824 , 0 , 1.7976931348623157E308,-1.0
Score: 79492 , 0 , 1.7976931348623157E308,-1.0
Score: 73427 , 0 , 1.7976931348623157E308,-1.0
Score: 79362 , 6 , 1.7976931348623157E308,-1.0
Score: 62181 , 0 , 1.7976931348623157E308,-1.0
Score: 69992 , 0 , 1.7976931348623157E308,-1.0
Score: 69061 , 0 , 1.7976931348623157E308,-1.0
Score: 79481 , 0 , 1.7976931348623157E308,-1.0
Score: 73811 , 6 , 1.7976931348623157E308,-1.0
Score: 79539 , 0 , 1.7976931348623157E308,-1.0
Score: 81151 , 0 , 1.7976931348623157E308,-1.0
Score: 69338 , 0 , 1.7976931348623157E308,-1.0
Score: 86712 , 0 , 1.7976931348623157E308,-1.0
0.0, 1.0, 0.0, 80.0, 5.0, 13.0, NaN
Knightsbridge
TrailType: Simple Useful
closestMatch: Zig-Zag Simple Useful: 0.0, 1.0, 0.0, 47.0, 53.0, 0.0,  : 85.0, 0.0, 1.0, 2.0
Adaptive Step Time: 2317
generating prm
Score: 188531 , 1006 , 399.0719246384723,189936.07192463847
Score: 167441 , 697 , 449.1486772806693,168587.14867728067
Score: 169445 , 874 , 394.98056672611415,170713.98056672612
Score: 206634 , 729 , 1.7976931348623157E308,-1.0
Score: 206727 , 0 , 1.7976931348623157E308,-1.0
Score: 168674 , 1 , 1.7976931348623157E308,-1.0
Score: 233647 , 701 , 400.0752079090486,234748.07520790905
Score: 202057 , 695 , 408.78065419788027,203160.78065419788
Score: 201048 , 1089 , 398.0116316782887,202535.0116316783
Score: 149172 , 1 , 1.7976931348623157E308,-1.0
Score: 119030 , 659 , 401.11064868832034,120090.11064868832
Score: 216615 , 904 , 397.13359068643433,217916.13359068643
Score: 237778 , 0 , 1.7976931348623157E308,-1.0
Score: 216945 , 800 , 392.92674762248953,218137.9267476225
Score: 156372 , 856 , 394.24265086930717,157622.2426508693
Score: 170209 , 835 , 394.12164293689534,171438.1216429369
Score: 179375 , 768 , 396.8028970059755,180539.80289700598
Score: 218792 , 777 , 403.97861270694335,219972.97861270694
Score: 116281 , 623 , 394.19367013691226,117298.19367013691
Score: 151971 , 836 , 385.34064476415216,153192.34064476416
Score: 167056 , 973 , 421.5261013406317,168450.52610134063
Score: 168470 , 0 , 1.7976931348623157E308,-1.0
Score: 233957 , 968 , 393.77365814023256,235318.77365814024
Score: 172672 , 804 , 424.3092292586346,173900.30922925862
Score: 222101 , 909 , 398.18413798112294,223408.18413798112
Score: 184921 , 0 , 1.7976931348623157E308,-1.0
Score: 211768 , 702 , 400.2897407775105,212870.28974077752
Score: 235210 , 6 , 1.7976931348623157E308,-1.0
Score: 161500 , 781 , 396.3133794624166,162677.31337946243
Score: 219356 , 956 , 407.052611067016,220719.05261106702
0.0, 1.0, 0.0, 47.0, 53.0, 0.0, 187419.69857390338
TrailType: Simple Useless
closestMatch: Zig-Zag Simple Useful: 0.0, 1.0, 0.0, 47.0, 53.0, 0.0,  : 85.0, 0.0, 1.0, 2.0
Adaptive Step Time: 2671
generating prm
Score: 180581 , 955 , 395.1792871005863,181931.1792871006
Score: 162776 , 715 , 434.1009113684722,163925.10091136847
Score: 176670 , 846 , 394.6930919328013,177910.6930919328
Score: 199038 , 837 , 1.7976931348623157E308,-1.0
Score: 197996 , 1 , 1.7976931348623157E308,-1.0
Score: 168937 , 6 , 1.7976931348623157E308,-1.0
Score: 232422 , 777 , 399.61176091173763,233598.61176091174
Score: 197314 , 665 , 409.6588209919682,198388.65882099196
Score: 209098 , 1135 , 401.26741618874695,210634.26741618876
Score: 142202 , 0 , 1.7976931348623157E308,-1.0
Score: 120144 , 735 , 397.0770355222537,121276.07703552225
Score: 221779 , 859 , 396.274412195943,223034.27441219595
Score: 235030 , 6 , 1.7976931348623157E308,-1.0
Score: 242314 , 813 , 398.6433005395421,243525.64330053955
Score: 149492 , 865 , 396.5337576357066,150753.5337576357
Score: 164725 , 997 , 392.8420656733192,166114.84206567332
Score: 171330 , 675 , 394.4664184445971,172399.4664184446
Score: 207700 , 873 , 405.8194377019578,208978.81943770195
Score: 111146 , 749 , 395.8153689771188,112290.81536897711
Score: 137336 , 943 , 389.99161167199946,138668.991611672
Score: 151620 , 1008 , 422.7483188889053,153050.74831888892
Score: 154547 , 0 , 1.7976931348623157E308,-1.0
Score: 204964 , 1147 , 390.3876219814809,206501.38762198147
Score: 165531 , 879 , 425.1411477775222,166835.14114777753
Score: 217279 , 833 , 402.98188965931587,218514.9818896593
Score: 167536 , 0 , 1.7976931348623157E308,-1.0
Score: 200568 , 687 , 398.8481209914376,201653.84812099143
Score: 210678 , 0 , 1.7976931348623157E308,-1.0
Score: 149844 , 762 , 400.36492258990137,151006.3649225899
Score: 218073 , 819 , 404.19094112907595,219296.19094112908
0.0, 1.0, 0.0, 47.0, 53.0, 0.0, 182740.43807544885
TrailType: Random Useful
closestMatch: Zig-Zag Simple Useful: 0.0, 1.0, 0.0, 47.0, 53.0, 0.0,  : 85.0, 0.0, 1.0, 2.0
Adaptive Step Time: 2062
generating prm
Score: 166315 , 970 , 397.5393672776958,167682.5393672777
Score: 152129 , 678 , 443.23043010202673,153250.23043010203
Score: 161673 , 946 , 397.69334486021694,163016.69334486022
Score: 177542 , 676 , 1.7976931348623157E308,-1.0
Score: 187359 , 0 , 1.7976931348623157E308,-1.0
Score: 156335 , 0 , 1.7976931348623157E308,-1.0
Score: 215501 , 681 , 401.86857681151787,216583.8685768115
Score: 191116 , 708 , 408.9061726811223,192232.90617268113
Score: 175278 , 1232 , 395.87073775029046,176905.8707377503
Score: 131675 , 1 , 1.7976931348623157E308,-1.0
Score: 111334 , 712 , 398.0982752612822,112444.09827526128
Score: 199824 , 732 , 394.6947782474856,200950.69477824747
Score: 220011 , 0 , 1.7976931348623157E308,-1.0
Score: 199376 , 853 , 392.80091949140603,200621.80091949142
Score: 138821 , 813 , 395.1035534032193,140029.10355340323
Score: 164204 , 879 , 392.92291911779677,165475.9229191178
Score: 162271 , 660 , 401.14180525591,163332.1418052559
Score: 207609 , 756 , 404.47780814642203,208769.47780814642
Score: 108719 , 626 , 413.8364830357044,109758.8364830357
Score: 144959 , 941 , 384.1487630558846,146284.14876305588
Score: 154821 , 809 , 413.58056819478014,156043.58056819477
Score: 160560 , 0 , 1.7976931348623157E308,-1.0
Score: 212759 , 981 , 392.55531748611014,214132.5553174861
Score: 163810 , 845 , 408.64734919654876,165063.64734919654
Score: 202819 , 1094 , 400.9644389230649,204313.96443892305
Score: 171790 , 0 , 1.7976931348623157E308,-1.0
Score: 201856 , 730 , 401.6266725589462,202987.62667255895
Score: 215485 , 1 , 1.7976931348623157E308,-1.0
Score: 150265 , 1014 , 397.9865316992795,151676.98653169928
Score: 207220 , 803 , 393.55687790691775,208416.55687790693
0.0, 1.0, 0.0, 47.0, 53.0, 0.0, 173635.14780411197
Mayfair
TrailType: Simple Useful
closestMatch: Dense-Clutter Simple Useful: 1.0, 0.0, 0.0, 54.0, 45.0, 0.0,  : 60.0, 17.0, 10.0, 1.7343750000000002
Adaptive Step Time: 4090
generating prm
Score: 154683 , 1032 , 1.7976931348623157E308,-1.0
Score: 120706 , 924 , 1.7976931348623157E308,-1.0
Score: 142301 , 1094 , 522.2921903882449,143917.29219038825
Score: 143737 , 1191 , 1.7976931348623157E308,-1.0
Score: 137645 , 1016 , 532.0139404396475,139193.01394043965
Score: 119933 , 1105 , 1.7976931348623157E308,-1.0
Score: 122379 , 918 , 1.7976931348623157E308,-1.0
Score: 121726 , 973 , 522.0578036582583,123221.05780365826
Score: 142476 , 1019 , 1.7976931348623157E308,-1.0
Score: 139324 , 1020 , 1.7976931348623157E308,-1.0
Score: 128809 , 1176 , 1.7976931348623157E308,-1.0
Score: 119665 , 1091 , 1.7976931348623157E308,-1.0
Score: 119159 , 908 , 521.9429092442383,120588.94290924424
Score: 105021 , 867 , 1.7976931348623157E308,-1.0
Score: 135734 , 932 , 500.2269248213123,137166.2269248213
Score: 129580 , 1069 , 1.7976931348623157E308,-1.0
Score: 118548 , 873 , 1.7976931348623157E308,-1.0
Score: 164276 , 1151 , 1.7976931348623157E308,-1.0
Score: 123531 , 1152 , 1.7976931348623157E308,-1.0
Score: 135976 , 1228 , 1.7976931348623157E308,-1.0
Score: 141336 , 1178 , 1.7976931348623157E308,-1.0
Score: 155938 , 1169 , 506.51235707809985,157613.5123570781
Score: 170294 , 1284 , 1.7976931348623157E308,-1.0
Score: 147126 , 1001 , 1.7976931348623157E308,-1.0
Score: 155526 , 1187 , 1.7976931348623157E308,-1.0
Score: 121851 , 944 , 1.7976931348623157E308,-1.0
Score: 131304 , 936 , 1.7976931348623157E308,-1.0
Score: 128907 , 974 , 1.7976931348623157E308,-1.0
Score: 138065 , 1064 , 1.7976931348623157E308,-1.0
Score: 129380 , 1109 , 1.7976931348623157E308,-1.0
1.0, 0.0, 0.0, 54.0, 45.0, 0.0, 136950.00768760496
TrailType: Simple Useless
closestMatch: H-Env Simple Useful: 0.0, 1.0, 0.0, 80.0, 5.0, 13.0,  : 63.0, 0.0, 1.0, 1.5
Adaptive Step Time: 4407
generating prm
Score: 213781 , 1395 , 1.7976931348623157E308,-1.0
Score: 198335 , 1450 , 1.7976931348623157E308,-1.0
Score: 215609 , 1755 , 533.6435646572534,217897.64356465725
Score: 214084 , 1988 , 1.7976931348623157E308,-1.0
Score: 197246 , 1392 , 480.59643890537603,199118.59643890537
Score: 182666 , 1506 , 1.7976931348623157E308,-1.0
Score: 182980 , 1317 , 1.7976931348623157E308,-1.0
Score: 170475 , 1303 , 518.2193225535148,172296.21932255352
Score: 202885 , 1542 , 1.7976931348623157E308,-1.0
Score: 225347 , 1618 , 1.7976931348623157E308,-1.0
Score: 188968 , 1550 , 1.7976931348623157E308,-1.0
Score: 182942 , 1462 , 1.7976931348623157E308,-1.0
Score: 186016 , 1378 , 501.46752475192136,187895.46752475193
Score: 169234 , 1184 , 1.7976931348623157E308,-1.0
Score: 197013 , 1328 , 498.0350341495566,198839.03503414957
Score: 197298 , 1436 , 1.7976931348623157E308,-1.0
Score: 188722 , 1184 , 1.7976931348623157E308,-1.0
Score: 235935 , 1477 , 496.50722319708615,237908.50722319708
Score: 198438 , 1664 , 1.7976931348623157E308,-1.0
Score: 213213 , 1631 , 1.7976931348623157E308,-1.0
Score: 208714 , 1652 , 1.7976931348623157E308,-1.0
Score: 209717 , 1495 , 485.5075140835663,211697.50751408355
Score: 212776 , 1684 , 1.7976931348623157E308,-1.0
Score: 216233 , 1678 , 1.7976931348623157E308,-1.0
Score: 212360 , 1829 , 1.7976931348623157E308,-1.0
Score: 175272 , 1414 , 1.7976931348623157E308,-1.0
Score: 184518 , 1506 , 1.7976931348623157E308,-1.0
Score: 180553 , 1175 , 559.7389366317302,182287.73893663174
Score: 194605 , 1554 , 1.7976931348623157E308,-1.0
Score: 192146 , 1351 , 1.7976931348623157E308,-1.0
0.0, 1.0, 0.0, 80.0, 5.0, 13.0, 200992.58944486623
TrailType: Random Useful
closestMatch: Dense-Clutter Simple Useful: 1.0, 0.0, 0.0, 54.0, 45.0, 0.0,  : 60.0, 17.0, 10.0, 1.7343750000000002
Adaptive Step Time: 3546
generating prm
Score: 152093 , 1103 , 1.7976931348623157E308,-1.0
Score: 117072 , 939 , 1.7976931348623157E308,-1.0
Score: 147647 , 1082 , 536.8751441304158,149265.8751441304
Score: 141755 , 1326 , 1.7976931348623157E308,-1.0
Score: 136942 , 1003 , 537.078772602823,138482.07877260284
Score: 120160 , 948 , 1.7976931348623157E308,-1.0
Score: 119171 , 930 , 1.7976931348623157E308,-1.0
Score: 111931 , 973 , 527.3240982196445,113431.32409821964
Score: 145460 , 1048 , 1.7976931348623157E308,-1.0
Score: 138260 , 1095 , 1.7976931348623157E308,-1.0
Score: 123280 , 1002 , 1.7976931348623157E308,-1.0
Score: 122041 , 1004 , 1.7976931348623157E308,-1.0
Score: 118196 , 932 , 510.3676756832054,119638.3676756832
Score: 107421 , 808 , 1.7976931348623157E308,-1.0
Score: 125606 , 922 , 494.5887331286881,127022.5887331287
Score: 128582 , 1065 , 1.7976931348623157E308,-1.0
Score: 120174 , 914 , 1.7976931348623157E308,-1.0
Score: 165635 , 1083 , 1.7976931348623157E308,-1.0
Score: 123323 , 1218 , 1.7976931348623157E308,-1.0
Score: 129985 , 1169 , 1.7976931348623157E308,-1.0
Score: 140032 , 1003 , 1.7976931348623157E308,-1.0
Score: 151313 , 1019 , 502.41014277085395,152834.41014277085
Score: 163007 , 1130 , 1.7976931348623157E308,-1.0
Score: 154639 , 1170 , 1.7976931348623157E308,-1.0
Score: 150842 , 1225 , 1.7976931348623157E308,-1.0
Score: 124170 , 954 , 1.7976931348623157E308,-1.0
Score: 116759 , 1123 , 1.7976931348623157E308,-1.0
Score: 130883 , 895 , 1.7976931348623157E308,-1.0
Score: 142843 , 1040 , 1.7976931348623157E308,-1.0
Score: 131208 , 1106 , 1.7976931348623157E308,-1.0
1.0, 0.0, 0.0, 54.0, 45.0, 0.0, 133445.7740944226
London Community
TrailType: Simple Useful
closestMatch: Single-Gap Simple Useful: 1.0, 1.0, 0.0, 78.0, 21.0, 0.0,  : 97.0, 0.0, 0.0, 1.7500000000000002
Adaptive Step Time: 95
generating prm
Score: 2214 , 0 , 1.7976931348623157E308,-1.0
Score: 1959 , 0 , 1.7976931348623157E308,-1.0
Score: 2140 , 0 , 1.7976931348623157E308,-1.0
Score: 2081 , 0 , 1.7976931348623157E308,-1.0
Score: 2822 , 0 , 1.7976931348623157E308,-1.0
Score: 1956 , 0 , 1.7976931348623157E308,-1.0
Score: 1878 , 0 , 1.7976931348623157E308,-1.0
Score: 2127 , 0 , 1.7976931348623157E308,-1.0
Score: 1951 , 0 , 1.7976931348623157E308,-1.0
Score: 1976 , 1 , 1.7976931348623157E308,-1.0
Score: 1981 , 0 , 1.7976931348623157E308,-1.0
Score: 2060 , 0 , 1.7976931348623157E308,-1.0
Score: 1948 , 1 , 1.7976931348623157E308,-1.0
Score: 1823 , 0 , 1.7976931348623157E308,-1.0
Score: 1785 , 0 , 1.7976931348623157E308,-1.0
Score: 2064 , 6 , 1.7976931348623157E308,-1.0
Score: 1899 , 0 , 1.7976931348623157E308,-1.0
Score: 1937 , 0 , 1.7976931348623157E308,-1.0
Score: 1861 , 0 , 1.7976931348623157E308,-1.0
Score: 1936 , 0 , 1.7976931348623157E308,-1.0
Score: 1895 , 0 , 1.7976931348623157E308,-1.0
Score: 1816 , 0 , 1.7976931348623157E308,-1.0
Score: 2025 , 0 , 1.7976931348623157E308,-1.0
Score: 1904 , 0 , 1.7976931348623157E308,-1.0
Score: 1947 , 0 , 1.7976931348623157E308,-1.0
Score: 1905 , 0 , 1.7976931348623157E308,-1.0
Score: 2588 , 0 , 1.7976931348623157E308,-1.0
Score: 2082 , 0 , 1.7976931348623157E308,-1.0
Score: 1888 , 0 , 1.7976931348623157E308,-1.0
Score: 2006 , 0 , 1.7976931348623157E308,-1.0
1.0, 1.0, 0.0, 78.0, 21.0, 0.0, NaN
TrailType: Simple Useless
closestMatch: Single-Gap Simple Useful: 1.0, 1.0, 0.0, 78.0, 21.0, 0.0,  : 97.0, 0.0, 0.0, 1.7500000000000002
Adaptive Step Time: 95
generating prm
Score: 1911 , 0 , 1.7976931348623157E308,-1.0
Score: 1982 , 0 , 1.7976931348623157E308,-1.0
Score: 1943 , 0 , 1.7976931348623157E308,-1.0
Score: 1877 , 0 , 1.7976931348623157E308,-1.0
Score: 1940 , 0 , 1.7976931348623157E308,-1.0
Score: 1977 , 0 , 1.7976931348623157E308,-1.0
Score: 1856 , 0 , 1.7976931348623157E308,-1.0
Score: 1802 , 0 , 1.7976931348623157E308,-1.0
Score: 1987 , 0 , 1.7976931348623157E308,-1.0
Score: 1774 , 0 , 1.7976931348623157E308,-1.0
Score: 1935 , 0 , 1.7976931348623157E308,-1.0
Score: 1902 , 0 , 1.7976931348623157E308,-1.0
Score: 2123 , 0 , 1.7976931348623157E308,-1.0
Score: 1935 , 0 , 1.7976931348623157E308,-1.0
Score: 1943 , 0 , 1.7976931348623157E308,-1.0
Score: 1976 , 0 , 1.7976931348623157E308,-1.0
Score: 2065 , 0 , 1.7976931348623157E308,-1.0
Score: 1987 , 6 , 1.7976931348623157E308,-1.0
Score: 1933 , 0 , 1.7976931348623157E308,-1.0
Score: 1961 , 0 , 1.7976931348623157E308,-1.0
Score: 1994 , 0 , 1.7976931348623157E308,-1.0
Score: 1909 , 0 , 1.7976931348623157E308,-1.0
Score: 1938 , 0 , 1.7976931348623157E308,-1.0
Score: 1944 , 0 , 1.7976931348623157E308,-1.0
Score: 1874 , 1 , 1.7976931348623157E308,-1.0
Score: 1922 , 0 , 1.7976931348623157E308,-1.0
Score: 1746 , 0 , 1.7976931348623157E308,-1.0
Score: 1914 , 0 , 1.7976931348623157E308,-1.0
Score: 1901 , 0 , 1.7976931348623157E308,-1.0
Score: 1781 , 0 , 1.7976931348623157E308,-1.0
1.0, 1.0, 0.0, 78.0, 21.0, 0.0, NaN
TrailType: Random Useful
closestMatch: Single-Gap Simple Useful: 1.0, 1.0, 0.0, 78.0, 21.0, 0.0,  : 97.0, 0.0, 0.0, 1.7500000000000002
Adaptive Step Time: 78
generating prm
Score: 1724 , 0 , 1.7976931348623157E308,-1.0
Score: 1815 , 0 , 1.7976931348623157E308,-1.0
Score: 1808 , 0 , 1.7976931348623157E308,-1.0
Score: 1782 , 0 , 1.7976931348623157E308,-1.0
Score: 1984 , 0 , 1.7976931348623157E308,-1.0
Score: 1875 , 0 , 1.7976931348623157E308,-1.0
Score: 1749 , 0 , 1.7976931348623157E308,-1.0
Score: 1998 , 0 , 1.7976931348623157E308,-1.0
Score: 2086 , 0 , 1.7976931348623157E308,-1.0
Score: 1719 , 0 , 1.7976931348623157E308,-1.0
Score: 1889 , 0 , 1.7976931348623157E308,-1.0
Score: 2058 , 0 , 1.7976931348623157E308,-1.0
Score: 1737 , 6 , 1.7976931348623157E308,-1.0
Score: 2114 , 0 , 1.7976931348623157E308,-1.0
Score: 2049 , 0 , 1.7976931348623157E308,-1.0
Score: 1986 , 0 , 1.7976931348623157E308,-1.0
Score: 1852 , 6 , 1.7976931348623157E308,-1.0
Score: 1919 , 0 , 1.7976931348623157E308,-1.0
Score: 1816 , 0 , 1.7976931348623157E308,-1.0
Score: 2023 , 0 , 1.7976931348623157E308,-1.0
Score: 1997 , 0 , 1.7976931348623157E308,-1.0
Score: 1848 , 0 , 1.7976931348623157E308,-1.0
Score: 1990 , 0 , 1.7976931348623157E308,-1.0
Score: 2052 , 1 , 1.7976931348623157E308,-1.0
Score: 1930 , 0 , 1.7976931348623157E308,-1.0
Score: 1877 , 1 , 1.7976931348623157E308,-1.0
Score: 1760 , 0 , 1.7976931348623157E308,-1.0
Score: 1841 , 0 , 1.7976931348623157E308,-1.0
Score: 1940 , 0 , 1.7976931348623157E308,-1.0
Score: 1786 , 0 , 1.7976931348623157E308,-1.0
1.0, 1.0, 0.0, 78.0, 21.0, 0.0, NaN
